  1 1   1  155.67   79.43   70.55  155.67   79.71   70.26  156.33   80.57   69.45  156.33   80.85   69.16    -75.      0.
  1 1   2  155.67   79.71   70.26  155.67   79.99   69.97  156.33   80.85   69.16  156.33   81.12   68.88     75.      0.
  1 1   3  155.67   79.99   69.97  155.68   80.29   69.66  156.33   81.12   68.88  156.31   81.37   68.62     76.     -4.
  1 1   4  155.68   80.29   69.66  155.70   80.60   69.34  156.31   81.37   68.62  156.30   81.62   68.36     79.     -9.
  1 1   5  155.70   80.60   69.34  155.71   80.90   69.03  156.30   81.62   68.36  156.28   81.88   68.09     82.    -16.
  1 1   6  155.71   80.90   69.03  155.72   81.18   68.74  156.28   81.88   68.09  156.28   82.14   67.81     81.    -25.
  1 1   7  155.72   81.18   68.74  155.69   81.46   68.46  156.28   82.14   67.81  156.31   82.43   67.52     82.    -37.
  1 1   8  155.69   81.46   68.46  155.70   81.69   68.21  156.31   82.43   67.52  156.32   82.77   67.17     83.    -54.
  1 1   9  155.70   81.69   68.21  155.68   81.94   67.95  156.32   82.77   67.17  156.35   83.12   66.81     86.    -67.
  1 1  10  155.68   81.94   67.95  155.67   82.18   67.69  156.35   83.12   66.81  156.39   83.49   66.43     89.    -79.
  1 1  11  155.67   82.18   67.69  155.67   82.42   67.44  156.39   83.49   66.43  156.44   83.88   66.04     92.    -88.
  1 1  12  155.67   82.42   67.44  155.66   82.66   67.19  156.44   83.88   66.04  156.48   84.28   65.63     92.    -92.
  1 1  13  155.66   82.66   67.19  155.65   82.89   66.95  156.48   84.28   65.63  156.53   84.70   65.21     92.    -88.
  1 1  14  155.65   82.89   66.95  155.64   83.12   66.71  156.53   84.70   65.21  156.58   85.13   64.77     93.    -70.
  1 1  15  155.64   83.12   66.71  155.63   83.35   66.47  156.58   85.13   64.77  156.63   85.57   64.32     97.    -41.
  1 1  16  155.63   83.35   66.47  155.63   83.57   66.23  156.63   85.57   64.32  156.68   86.03   63.87    102.     12.
  1 1  17  155.63   83.57   66.23  155.62   83.80   66.00  156.68   86.03   63.87  156.73   86.48   63.40    107.     91.
  1 1  18  155.62   83.80   66.00  155.62   84.03   65.75  156.73   86.48   63.40  156.76   86.93   62.95    113.    202.
  1 1  19  155.62   84.03   65.75  155.62   84.27   65.50  156.76   86.93   62.95  156.79   87.35   62.53    120.    357.
  1 1  20  155.62   84.27   65.50  155.63   84.53   65.23  156.79   87.35   62.53  156.79   87.73   62.15    128.    558.
  1 1  21  155.63   84.53   65.23  155.65   84.82   64.93  156.79   87.73   62.15  156.75   87.98   61.88    134.    687.
  1 1  22  155.65   84.82   64.93  155.66   85.11   64.63  156.75   87.98   61.88  156.72   88.23   61.62    140.    712.
  1 1  23  155.66   85.11   64.63  155.68   85.40   64.33  156.72   88.23   61.62  156.68   88.49   61.35    146.    738.
  1 1  24  155.68   85.40   64.33  155.70   85.69   64.03  156.68   88.49   61.35  156.65   88.74   61.09    150.    752.
  1 1  25  155.70   85.69   64.03  155.71   85.98   63.73  156.65   88.74   61.09  156.61   88.99   60.83    151.    748.
  1 1  26  155.71   85.98   63.73  155.73   86.27   63.43  156.61   88.99   60.83  156.58   89.25   60.56    150.    716.
  1 1  27  155.73   86.27   63.43  155.74   86.56   63.13  156.58   89.25   60.56  156.55   89.50   60.30    154.    724.
  1 1  28  155.74   86.56   63.13  155.75   86.85   62.84  156.55   89.50   60.30  156.53   89.75   60.03    163.    760.
  1 1  29  155.75   86.85   62.84  155.76   87.14   62.54  156.53   89.75   60.03  156.50   90.01   59.77    174.    804.
  1 1  30  155.76   87.14   62.54  155.78   87.42   62.24  156.50   90.01   59.77  156.48   90.26   59.50    184.    861.
  1 1  31  155.78   87.42   62.24  155.79   87.71   61.94  156.48   90.26   59.50  156.45   90.51   59.24    196.    972.
  1 1  32  155.79   87.71   61.94  155.80   88.00   61.64  156.45   90.51   59.24  156.43   90.77   58.97    216.   1228.
  1 1  33  155.80   88.00   61.64  155.81   88.29   61.34  156.43   90.77   58.97  156.41   91.02   58.71    254.   1717.
  1 1  34  155.81   88.29   61.34  155.82   88.58   61.04  156.41   91.02   58.71  156.39   91.27   58.45    300.   2256.
  1 1  35  155.82   88.58   61.04  155.82   88.87   60.74  156.39   91.27   58.45  156.37   91.53   58.18    341.   2702.
  1 1  36  155.82   88.87   60.74  155.83   89.16   60.44  156.37   91.53   58.18  156.36   91.78   57.92    374.   3031.
  1 1  37  155.83   89.16   60.44  155.84   89.45   60.15  156.36   91.78   57.92  156.34   92.03   57.65    395.   3217.
  1 1  38  155.84   89.45   60.15  155.85   89.74   59.85  156.34   92.03   57.65  156.32   92.29   57.39    414.   3369.
  1 1  39  155.85   89.74   59.85  155.85   90.03   59.55  156.32   92.29   57.39  156.31   92.54   57.12    436.   3564.
  1 1  40  155.85   90.03   59.55  155.86   90.31   59.25  156.31   92.54   57.12  156.29   92.80   56.86    475.   3928.
  1 1  41  155.86   90.31   59.25  155.87   90.60   58.95  156.29   92.80   56.86  156.28   93.05   56.59    526.   4192.
  1 1  42  155.87   90.60   58.95  155.87   90.89   58.65  156.28   93.05   56.59  156.27   93.30   56.33    561.   4352.
  1 1  43  155.87   90.89   58.65  155.88   91.18   58.35  156.27   93.30   56.33  156.26   93.56   56.06    592.   4530.
  1 1  44  155.88   91.18   58.35  155.89   91.47   58.05  156.26   93.56   56.06  156.24   93.81   55.80    621.   4760.
  1 1  45  155.89   91.47   58.05  155.89   91.76   57.76  156.24   93.81   55.80  156.23   94.06   55.53    648.   4971.
  1 1  46  155.89   91.76   57.76  155.90   92.05   57.46  156.23   94.06   55.53  156.22   94.32   55.27    673.   5096.
  1 1  47  155.90   92.05   57.46  155.90   92.34   57.16  156.22   94.32   55.27  156.21   94.57   55.00    689.   5021.
  1 1  48  155.90   92.34   57.16  155.91   92.63   56.86  156.21   94.57   55.00  156.20   94.83   54.74    689.   4767.
  1 1  49  155.91   92.63   56.86  155.91   92.92   56.56  156.20   94.83   54.74  156.19   95.08   54.47    698.   4675.
  1 1  50  155.91   92.92   56.56  155.91   93.20   56.26  156.19   95.08   54.47  156.18   95.33   54.21    724.   4808.
  1 1  51  155.91   93.20   56.26  155.92   93.49   55.96  156.18   95.33   54.21  156.17   95.59   53.94    777.   5244.
  1 1  52  155.92   93.49   55.96  155.92   93.78   55.66  156.17   95.59   53.94  156.17   95.84   53.68    821.   5574.
  1 1  53  155.92   93.78   55.66  155.93   94.07   55.37  156.17   95.84   53.68  156.16   96.09   53.41    846.   5643.
  1 1  54  155.93   94.07   55.37  155.93   94.36   55.07  156.16   96.09   53.41  156.15   96.35   53.15    854.   5498.
  1 1  55  155.93   94.36   55.07  155.93   94.65   54.77  156.15   96.35   53.15  156.14   96.60   52.88    853.   5258.
  1 1  56  155.93   94.65   54.77  155.94   94.94   54.47  156.14   96.60   52.88  156.14   96.86   52.62    878.   5318.
  1 1  57  155.94   94.94   54.47  155.94   95.23   54.17  156.14   96.86   52.62  156.13   97.11   52.35    914.   5504.
  1 1  58  155.94   95.23   54.17  155.94   95.52   53.87  156.13   97.11   52.35  156.12   97.36   52.09    958.   5794.
  1 1  59  155.94   95.52   53.87  155.95   95.80   53.57  156.12   97.36   52.09  156.12   97.62   51.82   1017.   6264.
  1 1  60  155.95   95.80   53.57  155.95   96.09   53.28  156.12   97.62   51.82  156.11   97.87   51.56   1058.   6523.
  1 1  61  155.95   96.09   53.28  155.95   96.38   52.98  156.11   97.87   51.56  156.10   98.13   51.29   1073.   6473.
  1 1  62  155.95   96.38   52.98  155.95   96.67   52.68  156.10   98.13   51.29  156.10   98.38   51.03   1059.   6001.
  1 1  63  155.95   96.67   52.68  155.96   96.96   52.38  156.10   98.38   51.03  156.09   98.64   50.76   1062.   5667.
  1 1  64  155.96   96.96   52.38  155.96   97.25   52.08  156.09   98.64   50.76  156.09   98.89   50.50   1094.   5667.
  1 1  65  155.96   97.25   52.08  155.96   97.54   51.78  156.09   98.89   50.50  156.08   99.15   50.23   1142.   5869.
  1 1  66  155.96   97.54   51.78  155.96   97.83   51.48  156.08   99.15   50.23  156.08   99.40   49.97   1204.   6235.
  1 1  67  155.96   97.83   51.48  155.97   98.11   51.19  156.08   99.40   49.97  156.07   99.65   49.70   1259.   6518.
  1 1  68  155.97   98.11   51.19  155.97   98.40   50.89  156.07   99.65   49.70  156.07   99.91   49.43   1281.   6445.
  1 1  69  155.97   98.40   50.89  155.97   98.69   50.59  156.07   99.91   49.43  156.06  100.16   49.17   1266.   5962.
  1 1  70  155.97   98.69   50.59  155.97   98.98   50.29  156.06  100.16   49.17  156.06  100.42   48.90   1269.   5607.
  1 1  71  155.97   98.98   50.29  155.97   99.27   49.99  156.06  100.42   48.90  156.06  100.67   48.64   1275.   5404.
  1 1  72  155.97   99.27   49.99  155.98   99.56   49.70  156.06  100.67   48.64  156.05  100.93   48.37   1341.   5672.
  1 1  73  155.98   99.56   49.70  155.98   99.84   49.40  156.05  100.93   48.37  156.05  101.18   48.10   1427.   6185.
  1 1  74  155.98   99.84   49.40  155.98  100.13   49.10  156.05  101.18   48.10  156.04  101.44   47.84   1493.   6487.
  1 1  75  155.98  100.13   49.10  155.98  100.42   48.80  156.04  101.44   47.84  156.04  101.70   47.57   1537.   6541.
  1 1  76  155.98  100.42   48.80  155.98  100.71   48.50  156.04  101.70   47.57  156.04  101.95   47.31   1563.   6415.
  1 1  77  155.98  100.71   48.50  155.98  101.00   48.20  156.04  101.95   47.31  156.03  102.21   47.04   1592.   6257.
  1 1  78  155.98  101.00   48.20  155.99  101.29   47.91  156.03  102.21   47.04  156.03  102.46   46.77   1642.   6338.
  1 1  79  155.99  101.29   47.91  155.99  101.57   47.61  156.03  102.46   46.77  156.03  102.72   46.51   1692.   6397.
  1 1  80  155.99  101.57   47.61  155.99  101.86   47.31  156.03  102.72   46.51  156.03  102.97   46.24   1749.   6531.
  1 1  81  155.99  101.86   47.31  155.99  102.15   47.01  156.03  102.97   46.24  156.02  103.23   45.97   1794.   6538.
  1 1  82  155.99  102.15   47.01  155.99  102.44   46.71  156.02  103.23   45.97  156.02  103.48   45.71   1810.   6246.
  1 1  83  155.99  102.44   46.71  155.99  102.73   46.42  156.02  103.48   45.71  156.02  103.74   45.44   1809.   5787.
  1 1  84  155.99  102.73   46.42  155.99  103.02   46.12  156.02  103.74   45.44  156.02  103.99   45.17   1796.   5356.
  1 1  85  155.99  103.02   46.12  155.99  103.30   45.82  156.02  103.99   45.17  156.01  104.25   44.91   1848.   5325.
  1 1  86  155.99  103.30   45.82  155.99  103.59   45.52  156.01  104.25   44.91  156.01  104.50   44.64   1942.   5535.
  1 1  87  155.99  103.59   45.52  155.99  103.88   45.22  156.01  104.50   44.64  156.01  104.76   44.38   2067.   5909.
  1 1  88  155.99  103.88   45.22  156.00  104.17   44.93  156.01  104.76   44.38  156.01  105.01   44.11   2145.   6116.
  1 1  89  156.00  104.17   44.93  156.00  104.46   44.63  156.01  105.01   44.11  156.01  105.27   43.85   2201.   6071.
  1 1  90  156.00  104.46   44.63  156.00  104.75   44.33  156.01  105.27   43.85  156.01  105.52   43.58   2227.   5731.
  1 1  91  156.00  104.75   44.33  156.00  105.04   44.03  156.01  105.52   43.58  156.01  105.78   43.32   2167.   5025.
  1 1  92  156.00  105.04   44.03  156.00  105.33   43.73  156.01  105.78   43.32  156.00  106.03   43.05   2140.   4544.
  1 1  93  156.00  105.33   43.73  156.00  105.61   43.43  156.00  106.03   43.05  156.00  106.28   42.79   2224.   4554.
  1 1  94  156.00  105.61   43.43  156.00  105.90   43.13  156.00  106.28   42.79  156.00  106.53   42.52   2363.   4765.
  1 1  95  156.00  105.90   43.13  156.00  106.19   42.83  156.00  106.53   42.52  156.00  106.78   42.26   2529.   5057.
  1 1  96  156.00  106.19   42.83  156.00  106.48   42.53  156.00  106.78   42.26  156.00  107.04   42.00   2614.   5066.
  1 1  97  156.00  106.48   42.53  156.00  106.78   42.23  156.00  107.04   42.00  156.00  107.29   41.74   2700.   4995.
  1 1  98  156.00  106.78   42.23  156.00  107.07   41.93  156.00  107.29   41.74  156.00  107.54   41.48   2772.   4806.
  1 1  99  156.00  107.07   41.93  156.00  107.36   41.63  156.00  107.54   41.48  156.00  107.78   41.22   2804.   4390.
  1 1 100  156.00  107.36   41.63  156.00  107.65   41.33  156.00  107.78   41.22  156.00  108.03   40.96   2846.   3985.
  1 2   1  155.67   80.76   70.22  155.67   80.87   70.60  156.33   79.24   69.78  156.33   79.35   70.17     74.      0.
  1 2   2  155.67   80.87   70.60  155.67   80.97   70.99  156.33   79.35   70.17  156.33   79.47   70.55     75.     -2.
  1 2   3  155.67   80.97   70.99  155.68   81.05   71.36  156.33   79.47   70.55  156.31   79.61   70.95     75.     -7.
  1 2   4  155.68   81.05   71.36  155.70   81.12   71.73  156.31   79.61   70.95  156.30   79.76   71.34     76.    -13.
  1 2   5  155.70   81.12   71.73  155.71   81.21   72.11  156.30   79.76   71.34  156.28   79.90   71.74     76.    -22.
  1 2   6  155.71   81.21   72.11  155.72   81.31   72.49  156.28   79.90   71.74  156.28   80.02   72.12     76.    -33.
  1 2   7  155.72   81.31   72.49  155.69   81.43   72.88  156.28   80.02   72.12  156.31   80.13   72.51     77.    -48.
  1 2   8  155.69   81.43   72.88  155.70   81.59   73.28  156.31   80.13   72.51  156.32   80.15   72.87     79.    -67.
  1 2   9  155.70   81.59   73.28  155.68   81.74   73.68  156.32   80.15   72.87  156.35   80.16   73.22     83.    -80.
  1 2  10  155.68   81.74   73.68  155.67   81.90   74.07  156.35   80.16   73.22  156.39   80.15   73.57     88.    -92.
  1 2  11  155.67   81.90   74.07  155.67   82.06   74.47  156.39   80.15   73.57  156.44   80.11   73.91     92.   -100.
  1 2  12  155.67   82.06   74.47  155.66   82.22   74.87  156.44   80.11   73.91  156.48   80.06   74.25     95.   -102.
  1 2  13  155.66   82.22   74.87  155.65   82.39   75.27  156.48   80.06   74.25  156.53   79.99   74.58     98.    -95.
  1 2  14  155.65   82.39   75.27  155.64   82.57   75.68  156.53   79.99   74.58  156.58   79.89   74.91     99.    -74.
  1 2  15  155.64   82.57   75.68  155.63   82.75   76.08  156.58   79.89   74.91  156.63   79.78   75.23    102.    -41.
  1 2  16  155.63   82.75   76.08  155.63   82.93   76.49  156.63   79.78   75.23  156.68   79.65   75.54    106.      7.
  1 2  17  155.63   82.93   76.49  155.62   83.11   76.89  156.68   79.65   75.54  156.73   79.52   75.86    112.     86.
  1 2  18  155.62   83.11   76.89  155.62   83.28   77.29  156.73   79.52   75.86  156.76   79.41   76.18    119.    206.
  1 2  19  155.62   83.28   77.29  155.62   83.44   77.69  156.76   79.41   76.18  156.79   79.32   76.51    126.    373.
  1 2  20  155.62   83.44   77.69  155.63   83.57   78.08  156.79   79.32   76.51  156.79   79.31   76.86    133.    580.
  1 2  21  155.63   83.57   78.08  155.65   83.67   78.46  156.79   79.31   76.86  156.75   79.45   77.25    139.    706.
  1 2  22  155.65   83.67   78.46  155.66   83.76   78.84  156.75   79.45   77.25  156.72   79.59   77.64    142.    712.
  1 2  23  155.66   83.76   78.84  155.68   83.86   79.22  156.72   79.59   77.64  156.68   79.74   78.04    143.    706.
  1 2  24  155.68   83.86   79.22  155.70   83.95   79.60  156.68   79.74   78.04  156.65   79.88   78.43    140.    667.
  1 2  25  155.70   83.95   79.60  155.71   84.05   79.98  156.65   79.88   78.43  156.61   80.02   78.82    139.    666.
  1 2  26  155.71   84.05   79.98  155.73   84.14   80.36  156.61   80.02   78.82  156.58   80.17   79.22    147.    718.
  1 2  27  155.73   84.14   80.36  155.74   84.24   80.74  156.58   80.17   79.22  156.55   80.31   79.61    157.    774.
  1 2  28  155.74   84.24   80.74  155.75   84.33   81.12  156.55   80.31   79.61  156.53   80.45   80.01    167.    825.
  1 2  29  155.75   84.33   81.12  155.76   84.43   81.50  156.53   80.45   80.01  156.50   80.60   80.40    179.    877.
  1 2  30  155.76   84.43   81.50  155.78   84.52   81.88  156.50   80.60   80.40  156.48   80.74   80.79    192.    927.
  1 2  31  155.78   84.52   81.88  155.79   84.62   82.26  156.48   80.74   80.79  156.45   80.88   81.19    204.    985.
  1 2  32  155.79   84.62   82.26  155.80   84.71   82.64  156.45   80.88   81.19  156.43   81.02   81.58    216.   1062.
  1 2  33  155.80   84.71   82.64  155.81   84.81   83.02  156.43   81.02   81.58  156.41   81.17   81.97    229.   1174.
  1 2  34  155.81   84.81   83.02  155.82   84.91   83.40  156.41   81.17   81.97  156.39   81.31   82.37    245.   1342.
  1 2  35  155.82   84.91   83.40  155.82   85.00   83.78  156.39   81.31   82.37  156.37   81.45   82.76    270.   1633.
  1 2  36  155.82   85.00   83.78  155.83   85.10   84.16  156.37   81.45   82.76  156.36   81.60   83.16    302.   1993.
  1 2  37  155.83   85.10   84.16  155.84   85.19   84.54  156.36   81.60   83.16  156.34   81.74   83.55    334.   2321.
  1 2  38  155.84   85.19   84.54  155.85   85.29   84.92  156.34   81.74   83.55  156.32   81.88   83.94    365.   2631.
  1 2  39  155.85   85.29   84.92  155.85   85.38   85.30  156.32   81.88   83.94  156.31   82.02   84.34    394.   2915.
  1 2  40  155.85   85.38   85.30  155.86   85.48   85.68  156.31   82.02   84.34  156.29   82.17   84.73    420.   3150.
  1 2  41  155.86   85.48   85.68  155.87   85.57   86.06  156.29   82.17   84.73  156.28   82.31   85.12    449.   3413.
  1 2  42  155.87   85.57   86.06  155.87   85.67   86.44  156.28   82.31   85.12  156.27   82.45   85.52    483.   3757.
  1 2  43  155.87   85.67   86.44  155.88   85.76   86.82  156.27   82.45   85.52  156.26   82.59   85.91    524.   4195.
  1 2  44  155.88   85.76   86.82  155.89   85.86   87.20  156.26   82.59   85.91  156.24   82.73   86.30    571.   4685.
  1 2  45  155.89   85.86   87.20  155.89   85.96   87.58  156.24   82.73   86.30  156.23   82.88   86.70    617.   4906.
  1 2  46  155.89   85.96   87.58  155.90   86.05   87.96  156.23   82.88   86.70  156.22   83.02   87.09    654.   5056.
  1 2  47  155.90   86.05   87.96  155.90   86.15   88.34  156.22   83.02   87.09  156.21   83.16   87.49    689.   5208.
  1 2  48  155.90   86.15   88.34  155.91   86.24   88.72  156.21   83.16   87.49  156.20   83.30   87.88    722.   5379.
  1 2  49  155.91   86.24   88.72  155.91   86.34   89.10  156.20   83.30   87.88  156.19   83.45   88.27    756.   5592.
  1 2  50  155.91   86.34   89.10  155.91   86.43   89.48  156.19   83.45   88.27  156.18   83.59   88.67    791.   5844.
  1 2  51  155.91   86.43   89.48  155.92   86.53   89.86  156.18   83.59   88.67  156.17   83.73   89.06    824.   6051.
  1 2  52  155.92   86.53   89.86  155.92   86.62   90.24  156.17   83.73   89.06  156.17   83.87   89.45    855.   6196.
  1 2  53  155.92   86.62   90.24  155.93   86.72   90.62  156.17   83.87   89.45  156.16   84.02   89.85    884.   6277.
  1 2  54  155.93   86.72   90.62  155.93   86.81   91.00  156.16   84.02   89.85  156.15   84.16   90.24    908.   6291.
  1 2  55  155.93   86.81   91.00  155.93   86.91   91.38  156.15   84.16   90.24  156.14   84.30   90.63    929.   6255.
  1 2  56  155.93   86.91   91.38  155.94   87.00   91.76  156.14   84.30   90.63  156.14   84.44   91.03    952.   6235.
  1 2  57  155.94   87.00   91.76  155.94   87.10   92.14  156.14   84.44   91.03  156.13   84.59   91.42    976.   6237.
  1 2  58  155.94   87.10   92.14  155.94   87.20   92.52  156.13   84.59   91.42  156.12   84.73   91.82   1003.   6294.
  1 2  59  155.94   87.20   92.52  155.95   87.29   92.90  156.12   84.73   91.82  156.12   84.87   92.21   1037.   6436.
  1 2  60  155.95   87.29   92.90  155.95   87.39   93.28  156.12   84.87   92.21  156.11   85.01   92.60   1080.   6688.
  1 2  61  155.95   87.39   93.28  155.95   87.48   93.67  156.11   85.01   92.60  156.10   85.15   93.00   1121.   6902.
  1 2  62  155.95   87.48   93.67  155.95   87.58   94.05  156.10   85.15   93.00  156.10   85.29   93.39   1151.   6981.
  1 2  63  155.95   87.58   94.05  155.96   87.67   94.43  156.10   85.29   93.39  156.09   85.44   93.78   1168.   6897.
  1 2  64  155.96   87.67   94.43  155.96   87.77   94.81  156.09   85.44   93.78  156.09   85.58   94.18   1169.   6618.
  1 2  65  155.96   87.77   94.81  155.96   87.87   95.19  156.09   85.58   94.18  156.08   85.72   94.57   1162.   6233.
  1 2  66  155.96   87.87   95.19  155.96   87.96   95.57  156.08   85.72   94.57  156.08   85.86   94.96   1170.   5967.
  1 2  67  155.96   87.96   95.57  155.97   88.06   95.95  156.08   85.86   94.96  156.07   86.00   95.36   1198.   5896.
  1 2  68  155.97   88.06   95.95  155.97   88.15   96.33  156.07   86.00   95.36  156.07   86.14   95.75   1237.   5956.
  1 2  69  155.97   88.15   96.33  155.97   88.25   96.71  156.07   86.14   95.75  156.06   86.28   96.14   1284.   6117.
  1 2  70  155.97   88.25   96.71  155.97   88.35   97.09  156.06   86.28   96.14  156.06   86.42   96.54   1341.   6370.
  1 2  71  155.97   88.35   97.09  155.97   88.44   97.47  156.06   86.42   96.54  156.06   86.56   96.93   1401.   6639.
  1 2  72  155.97   88.44   97.47  155.98   88.54   97.85  156.06   86.56   96.93  156.05   86.71   97.32   1455.   6830.
  1 2  73  155.98   88.54   97.85  155.98   88.64   98.23  156.05   86.71   97.32  156.05   86.85   97.71   1505.   6958.
  1 2  74  155.98   88.64   98.23  155.98   88.73   98.61  156.05   86.85   97.71  156.04   86.99   98.11   1543.   6964.
  1 2  75  155.98   88.73   98.61  155.98   88.83   98.99  156.04   86.99   98.11  156.04   87.13   98.50   1561.   6777.
  1 2  76  155.98   88.83   98.99  155.98   88.92   99.37  156.04   87.13   98.50  156.04   87.27   98.89   1576.   6516.
  1 2  77  155.98   88.92   99.37  155.98   89.02   99.75  156.04   87.27   98.89  156.03   87.41   99.29   1602.   6344.
  1 2  78  155.98   89.02   99.75  155.99   89.12  100.13  156.03   87.41   99.29  156.03   87.55   99.68   1637.   6248.
  1 2  79  155.99   89.12  100.13  155.99   89.21  100.51  156.03   87.55   99.68  156.03   87.69  100.07   1678.   6223.
  1 2  80  155.99   89.21  100.51  155.99   89.31  100.89  156.03   87.69  100.07  156.03   87.83  100.47   1724.   6277.
  1 2  81  155.99   89.31  100.89  155.99   89.41  101.27  156.03   87.83  100.47  156.02   87.97  100.86   1783.   6441.
  1 2  82  155.99   89.41  101.27  155.99   89.50  101.65  156.02   87.97  100.86  156.02   88.11  101.25   1845.   6612.
  1 2  83  155.99   89.50  101.65  155.99   89.60  102.03  156.02   88.11  101.25  156.02   88.25  101.64   1915.   6765.
  1 2  84  155.99   89.60  102.03  155.99   89.70  102.41  156.02   88.25  101.64  156.02   88.39  102.04   1971.   6781.
  1 2  85  155.99   89.70  102.41  155.99   89.79  102.79  156.02   88.39  102.04  156.01   88.53  102.43   2014.   6682.
  1 2  86  155.99   89.79  102.79  155.99   89.89  103.17  156.01   88.53  102.43  156.01   88.67  102.82   2047.   6498.
  1 2  87  155.99   89.89  103.17  155.99   89.98  103.55  156.01   88.67  102.82  156.01   88.81  103.22   2075.   6199.
  1 2  88  155.99   89.98  103.55  156.00   90.08  103.93  156.01   88.81  103.22  156.01   88.95  103.61   2120.   6012.
  1 2  89  156.00   90.08  103.93  156.00   90.18  104.31  156.01   88.95  103.61  156.01   89.09  104.00   2177.   5914.
  1 2  90  156.00   90.18  104.31  156.00   90.27  104.69  156.01   89.09  104.00  156.01   89.24  104.40   2241.   5878.
  1 2  91  156.00   90.27  104.69  156.00   90.37  105.07  156.01   89.24  104.40  156.01   89.38  104.79   2314.   5887.
  1 2  92  156.00   90.37  105.07  156.00   90.46  105.45  156.01   89.38  104.79  156.00   89.52  105.18   2397.   5932.
  1 2  93  156.00   90.46  105.45  156.00   90.56  105.83  156.00   89.52  105.18  156.00   89.67  105.58   2475.   5898.
  1 2  94  156.00   90.56  105.83  156.00   90.65  106.21  156.00   89.67  105.58  156.00   89.81  105.97   2537.   5739.
  1 2  95  156.00   90.65  106.21  156.00   90.74  106.59  156.00   89.81  105.97  156.00   89.96  106.37   2582.   5456.
  1 2  96  156.00   90.74  106.59  156.00   90.84  106.97  156.00   89.96  106.37  156.00   90.10  106.76   2614.   5071.
  1 2  97  156.00   90.84  106.97  156.00   90.93  107.35  156.00   90.10  106.76  156.00   90.25  107.16   2638.   4607.
  1 2  98  156.00   90.93  107.35  156.00   91.02  107.73  156.00   90.25  107.16  156.00   90.40  107.55   2606.   4063.
  1 2  99  156.00   91.02  107.73  156.00   91.12  108.11  156.00   90.40  107.55  156.00   90.55  107.95   2599.   3622.
  1 2 100  156.00   91.12  108.11  156.00   91.21  108.49  156.00   90.55  107.95  156.00   90.70  108.34   2611.   3246.
  1 3   1  155.67   79.81   69.23  155.67   79.42   69.13  156.33   80.19   70.77  156.33   79.80   70.67     75.     -1.
  1 3   2  155.67   79.42   69.13  155.67   79.03   69.05  156.33   79.80   70.67  156.33   79.41   70.56     75.     -6.
  1 3   3  155.67   79.03   69.05  155.68   78.65   68.98  156.33   79.41   70.56  156.31   79.02   70.43     74.    -13.
  1 3   4  155.68   78.65   68.98  155.70   78.28   68.92  156.31   79.02   70.43  156.30   78.62   70.30     77.    -20.
  1 3   5  155.70   78.28   68.92  155.71   77.90   68.86  156.30   78.62   70.30  156.28   78.22   70.17     80.    -30.
  1 3   6  155.71   77.90   68.86  155.72   77.51   68.77  156.28   78.22   70.17  156.28   77.83   70.06     84.    -41.
  1 3   7  155.72   77.51   68.77  155.69   77.12   68.67  156.28   77.83   70.06  156.31   77.45   69.98     88.    -57.
  1 3   8  155.69   77.12   68.67  155.70   76.72   68.52  156.31   77.45   69.98  156.32   77.08   69.96     93.    -80.
  1 3   9  155.70   76.72   68.52  155.68   76.32   68.38  156.32   77.08   69.96  156.35   76.72   69.97     95.    -96.
  1 3  10  155.68   76.32   68.38  155.67   75.92   68.23  156.35   76.72   69.97  156.39   76.36   70.00     96.   -109.
  1 3  11  155.67   75.92   68.23  155.67   75.52   68.09  156.39   76.36   70.00  156.44   76.01   70.05     97.   -119.
  1 3  12  155.67   75.52   68.09  155.66   75.12   67.94  156.44   76.01   70.05  156.48   75.66   70.12     97.   -121.
  1 3  13  155.66   75.12   67.94  155.65   74.71   67.78  156.48   75.66   70.12  156.53   75.32   70.21     99.   -118.
  1 3  14  155.65   74.71   67.78  155.64   74.31   67.61  156.53   75.32   70.21  156.58   74.98   70.32    102.   -105.
  1 3  15  155.64   74.31   67.61  155.63   73.90   67.45  156.58   74.98   70.32  156.63   74.65   70.45    105.    -75.
  1 3  16  155.63   73.90   67.45  155.63   73.50   67.28  156.63   74.65   70.45  156.68   74.32   70.59    110.    -21.
  1 3  17  155.63   73.50   67.28  155.62   73.09   67.11  156.68   74.32   70.59  156.73   73.99   70.74    115.     64.
  1 3  18  155.62   73.09   67.11  155.62   72.69   66.96  156.73   73.99   70.74  156.76   73.66   70.87    119.    181.
  1 3  19  155.62   72.69   66.96  155.62   72.29   66.81  156.76   73.66   70.87  156.79   73.32   70.97    123.    336.
  1 3  20  155.62   72.29   66.81  155.63   71.89   66.69  156.79   73.32   70.97  156.79   72.97   71.00    130.    539.
  1 3  21  155.63   71.89   66.69  155.65   71.51   66.61  156.79   72.97   71.00  156.75   72.57   70.87    135.    668.
  1 3  22  155.65   71.51   66.61  155.66   71.13   66.53  156.75   72.57   70.87  156.72   72.17   70.74    140.    680.
  1 3  23  155.66   71.13   66.53  155.68   70.74   66.45  156.72   72.17   70.74  156.68   71.78   70.61    144.    689.
  1 3  24  155.68   70.74   66.45  155.70   70.36   66.37  156.68   71.78   70.61  156.65   71.38   70.48    148.    707.
  1 3  25  155.70   70.36   66.37  155.71   69.97   66.29  156.65   71.38   70.48  156.61   70.98   70.35    155.    743.
  1 3  26  155.71   69.97   66.29  155.73   69.59   66.21  156.61   70.98   70.35  156.58   70.59   70.22    163.    790.
  1 3  27  155.73   69.59   66.21  155.74   69.20   66.12  156.58   70.59   70.22  156.55   70.19   70.09    172.    840.
  1 3  28  155.74   69.20   66.12  155.75   68.82   66.04  156.55   70.19   70.09  156.53   69.79   69.96    182.    898.
  1 3  29  155.75   68.82   66.04  155.76   68.44   65.96  156.53   69.79   69.96  156.50   69.40   69.83    192.    973.
  1 3  30  155.76   68.44   65.96  155.78   68.05   65.88  156.50   69.40   69.83  156.48   69.00   69.70    205.   1079.
  1 3  31  155.78   68.05   65.88  155.79   67.67   65.80  156.48   69.00   69.70  156.45   68.61   69.57    218.   1181.
  1 3  32  155.79   67.67   65.80  155.80   67.28   65.72  156.45   68.61   69.57  156.43   68.21   69.44    231.   1266.
  1 3  33  155.80   67.28   65.72  155.81   66.90   65.64  156.43   68.21   69.44  156.41   67.81   69.32    246.   1382.
  1 3  34  155.81   66.90   65.64  155.82   66.51   65.56  156.41   67.81   69.32  156.39   67.42   69.19    265.   1560.
  1 3  35  155.82   66.51   65.56  155.82   66.13   65.47  156.39   67.42   69.19  156.37   67.02   69.06    291.   1845.
  1 3  36  155.82   66.13   65.47  155.83   65.74   65.39  156.37   67.02   69.06  156.36   66.62   68.93    318.   2121.
  1 3  37  155.83   65.74   65.39  155.84   65.36   65.31  156.36   66.62   68.93  156.34   66.23   68.80    342.   2347.
  1 3  38  155.84   65.36   65.31  155.85   64.98   65.23  156.34   66.23   68.80  156.32   65.83   68.67    372.   2639.
  1 3  39  155.85   64.98   65.23  155.85   64.59   65.15  156.32   65.83   68.67  156.31   65.44   68.54    414.   3093.
  1 3  40  155.85   64.59   65.15  155.86   64.21   65.07  156.31   65.44   68.54  156.29   65.04   68.41    468.   3706.
  1 3  41  155.86   64.21   65.07  155.87   63.82   64.99  156.29   65.04   68.41  156.28   64.64   68.28    514.   4205.
  1 3  42  155.87   63.82   64.99  155.87   63.44   64.91  156.28   64.64   68.28  156.27   64.25   68.16    549.   4548.
  1 3  43  155.87   63.44   64.91  155.88   63.05   64.82  156.27   64.25   68.16  156.26   63.85   68.03    589.   4792.
  1 3  44  155.88   63.05   64.82  155.89   62.67   64.74  156.26   63.85   68.03  156.24   63.45   67.90    632.   4969.
  1 3  45  155.89   62.67   64.74  155.89   62.29   64.66  156.24   63.45   67.90  156.23   63.06   67.77    661.   4986.
  1 3  46  155.89   62.29   64.66  155.90   61.90   64.58  156.23   63.06   67.77  156.22   62.66   67.64    683.   5029.
  1 3  47  155.90   61.90   64.58  155.90   61.52   64.50  156.22   62.66   67.64  156.21   62.27   67.51    712.   5222.
  1 3  48  155.90   61.52   64.50  155.91   61.13   64.42  156.21   62.27   67.51  156.20   61.87   67.38    741.   5395.
  1 3  49  155.91   61.13   64.42  155.91   60.75   64.34  156.20   61.87   67.38  156.19   61.47   67.25    759.   5352.
  1 3  50  155.91   60.75   64.34  155.91   60.36   64.25  156.19   61.47   67.25  156.18   61.08   67.12    758.   5080.
  1 3  51  155.91   60.36   64.25  155.92   59.98   64.17  156.18   61.08   67.12  156.17   60.68   67.00    768.   4983.
  1 3  52  155.92   59.98   64.17  155.92   59.59   64.09  156.17   60.68   67.00  156.17   60.28   66.87    799.   5151.
  1 3  53  155.92   59.59   64.09  155.93   59.21   64.01  156.17   60.28   66.87  156.16   59.89   66.74    851.   5565.
  1 3  54  155.93   59.21   64.01  155.93   58.83   63.93  156.16   59.89   66.74  156.15   59.49   66.61    882.   5703.
  1 3  55  155.93   58.83   63.93  155.93   58.44   63.85  156.15   59.49   66.61  156.14   59.10   66.48    888.   5521.
  1 3  56  155.93   58.44   63.85  155.94   58.06   63.77  156.14   59.10   66.48  156.14   58.70   66.35    894.   5347.
  1 3  57  155.94   58.06   63.77  155.94   57.67   63.68  156.14   58.70   66.35  156.13   58.30   66.22    923.   5434.
  1 3  58  155.94   57.67   63.68  155.94   57.29   63.60  156.13   58.30   66.22  156.12   57.91   66.10    972.   5744.
  1 3  59  155.94   57.29   63.60  155.95   56.90   63.52  156.12   57.91   66.10  156.12   57.51   65.97   1004.   5853.
  1 3  60  155.95   56.90   63.52  155.95   56.52   63.44  156.12   57.51   65.97  156.11   57.12   65.84   1021.   5774.
  1 3  61  155.95   56.52   63.44  155.95   56.13   63.36  156.11   57.12   65.84  156.10   56.72   65.71   1044.   5761.
  1 3  62  155.95   56.13   63.36  155.95   55.75   63.28  156.10   56.72   65.71  156.10   56.32   65.58   1085.   5956.
  1 3  63  155.95   55.75   63.28  155.96   55.37   63.19  156.10   56.32   65.58  156.09   55.93   65.45   1145.   6346.
  1 3  64  155.96   55.37   63.19  155.96   54.98   63.11  156.09   55.93   65.45  156.09   55.53   65.33   1194.   6591.
  1 3  65  155.96   54.98   63.11  155.96   54.60   63.03  156.09   55.53   65.33  156.08   55.14   65.20   1228.   6660.
  1 3  66  155.96   54.60   63.03  155.96   54.21   62.95  156.08   55.14   65.20  156.08   54.74   65.07   1258.   6668.
  1 3  67  155.96   54.21   62.95  155.97   53.83   62.87  156.08   54.74   65.07  156.07   54.34   64.94   1300.   6804.
  1 3  68  155.97   53.83   62.87  155.97   53.44   62.78  156.07   54.34   64.94  156.07   53.95   64.82   1361.   7120.
  1 3  69  155.97   53.44   62.78  155.97   53.06   62.70  156.07   53.95   64.82  156.06   53.55   64.69   1406.   7263.
  1 3  70  155.97   53.06   62.70  155.97   52.67   62.62  156.06   53.55   64.69  156.06   53.16   64.56   1421.   7079.
  1 3  71  155.97   52.67   62.62  155.97   52.29   62.54  156.06   53.16   64.56  156.06   52.76   64.44   1426.   6794.
  1 3  72  155.97   52.29   62.54  155.98   51.90   62.46  156.06   52.76   64.44  156.05   52.37   64.31   1456.   6760.
  1 3  73  155.98   51.90   62.46  155.98   51.52   62.37  156.05   52.37   64.31  156.05   51.97   64.18   1515.   7009.
  1 3  74  155.98   51.52   62.37  155.98   51.14   62.29  156.05   51.97   64.18  156.04   51.57   64.05   1568.   7169.
  1 3  75  155.98   51.14   62.29  155.98   50.75   62.21  156.04   51.57   64.05  156.04   51.18   63.93   1588.   7019.
  1 3  76  155.98   50.75   62.21  155.98   50.37   62.13  156.04   51.18   63.93  156.04   50.78   63.80   1587.   6606.
  1 3  77  155.98   50.37   62.13  155.98   49.98   62.04  156.04   50.78   63.80  156.03   50.39   63.67   1611.   6411.
  1 3  78  155.98   49.98   62.04  155.99   49.60   61.96  156.03   50.39   63.67  156.03   49.99   63.55   1658.   6454.
  1 3  79  155.99   49.60   61.96  155.99   49.21   61.88  156.03   49.99   63.55  156.03   49.60   63.42   1701.   6421.
  1 3  80  155.99   49.21   61.88  155.99   48.83   61.80  156.03   49.60   63.42  156.03   49.20   63.30   1724.   6123.
  1 3  81  155.99   48.83   61.80  155.99   48.44   61.72  156.03   49.20   63.30  156.02   48.80   63.17   1697.   5622.
  1 3  82  155.99   48.44   61.72  155.99   48.06   61.63  156.02   48.80   63.17  156.02   48.41   63.04   1638.   4759.
  1 3  83  155.99   48.06   61.63  155.99   47.67   61.55  156.02   48.41   63.04  156.02   48.01   62.92   1843.   5932.
  1 3  84  155.99   47.67   61.55  155.99   47.29   61.47  156.02   48.01   62.92  156.02   47.62   62.79   1926.   6155.
  1 3  85  155.99   47.29   61.47  155.99   46.90   61.39  156.02   47.62   62.79  156.01   47.22   62.66   1977.   6087.
  1 3  86  155.99   46.90   61.39  155.99   46.52   61.30  156.01   47.22   62.66  156.01   46.83   62.53   1999.   5838.
  1 3  87  155.99   46.52   61.30  155.99   46.14   61.22  156.01   46.83   62.53  156.01   46.43   62.41   2059.   5833.
  1 3  88  155.99   46.14   61.22  156.00   45.75   61.14  156.01   46.43   62.41  156.01   46.03   62.28   2143.   6013.
  1 3  89  156.00   45.75   61.14  156.00   45.37   61.06  156.01   46.03   62.28  156.01   45.64   62.15   2242.   6329.
  1 3  90  156.00   45.37   61.06  156.00   44.98   60.98  156.01   45.64   62.15  156.01   45.24   62.02   2330.   6455.
  1 3  91  156.00   44.98   60.98  156.00   44.60   60.90  156.01   45.24   62.02  156.01   44.85   61.89   2367.   6194.
  1 3  92  156.00   44.60   60.90  156.00   44.21   60.82  156.01   44.85   61.89  156.00   44.45   61.76   2381.   5730.
  1 3  93  156.00   44.21   60.82  156.00   43.83   60.73  156.00   44.45   61.76  156.00   44.05   61.63   2427.   5466.
  1 3  94  156.00   43.83   60.73  156.00   43.44   60.65  156.00   44.05   61.63  156.00   43.66   61.50   2486.   5315.
  1 3  95  156.00   43.44   60.65  156.00   43.06   60.57  156.00   43.66   61.50  156.00   43.26   61.37   2539.   5082.
  1 3  96  156.00   43.06   60.57  156.00   42.68   60.49  156.00   43.26   61.37  156.00   42.86   61.24   2566.   4753.
  1 3  97  156.00   42.68   60.49  156.00   42.29   60.42  156.00   42.86   61.24  156.00   42.46   61.10   2638.   4591.
  1 3  98  156.00   42.29   60.42  156.00   41.91   60.34  156.00   42.46   61.10  156.00   42.07   60.97   2725.   4471.
  1 3  99  156.00   41.91   60.34  156.00   41.53   60.26  156.00   42.07   60.97  156.00   41.67   60.83   2804.   4330.
  1 3 100  156.00   41.53   60.26  156.00   41.14   60.18  156.00   41.67   60.83  156.00   41.27   60.70   2884.   4111.
