  1 1   1  155.67   80.02   70.79  155.67   80.42   70.80  156.33   79.98   69.21  156.33   80.38   69.22     86.      0.
  1 1   2  155.67   80.42   70.80  155.67   80.82   70.80  156.33   80.38   69.22  156.33   80.78   69.24     90.      0.
  1 1   3  155.67   80.82   70.80  155.68   81.22   70.78  156.33   80.78   69.24  156.31   81.18   69.29    -94.      0.
  1 1   4  155.68   81.22   70.78  155.70   81.62   70.75  156.31   81.18   69.29  156.30   81.58   69.34     94.      0.
  1 1   5  155.70   81.62   70.75  155.71   82.02   70.73  156.30   81.58   69.34  156.28   81.98   69.38     93.      0.
  1 1   6  155.71   82.02   70.73  155.72   82.42   70.74  156.28   81.98   69.38  156.28   82.38   69.40     92.     -1.
  1 1   7  155.72   82.42   70.74  155.69   82.82   70.75  156.28   82.38   69.40  156.31   82.78   69.40     91.     -1.
  1 1   8  155.69   82.82   70.75  155.70   83.22   70.82  156.31   82.78   69.40  156.32   83.18   69.32     90.      0.
  1 1   9  155.70   83.22   70.82  155.68   83.62   70.87  156.32   83.18   69.32  156.35   83.58   69.23    102.     13.
  1 1  10  155.68   83.62   70.87  155.67   84.02   70.93  156.35   83.58   69.23  156.39   83.97   69.11    113.     30.
  1 1  11  155.67   84.02   70.93  155.67   84.42   70.99  156.39   83.97   69.11  156.44   84.37   68.97    123.     51.
  1 1  12  155.67   84.42   70.99  155.66   84.82   71.06  156.44   84.37   68.97  156.48   84.76   68.81    134.     83.
  1 1  13  155.66   84.82   71.06  155.65   85.22   71.13  156.48   84.76   68.81  156.53   85.16   68.63    318.   1419.
  1 1  14  155.65   85.22   71.13  155.64   85.63   71.21  156.53   85.16   68.63  156.58   85.55   68.42    358.   1842.
  1 1  15  155.64   85.63   71.21  155.63   86.03   71.29  156.58   85.55   68.42  156.63   85.95   68.20    391.   2312.
  1 1  16  155.63   86.03   71.29  155.63   86.43   71.38  156.63   85.95   68.20  156.68   86.34   67.97    158.    239.
  1 1  17  155.63   86.43   71.38  155.62   86.83   71.46  156.68   86.34   67.97  156.73   86.73   67.73    436.   3462.
  1 1  18  155.62   86.83   71.46  155.62   87.23   71.53  156.73   86.73   67.73  156.76   87.13   67.50    160.    329.
  1 1  19  155.62   87.23   71.53  155.62   87.63   71.59  156.76   87.13   67.50  156.79   87.52   67.31    464.   4708.
  1 1  20  155.62   87.63   71.59  155.63   88.03   71.63  156.79   87.52   67.31  156.79   87.92   67.19    179.    445.
  1 1  21  155.63   88.03   71.63  155.65   88.43   71.62  156.79   87.92   67.19  156.75   88.32   67.24    193.    503.
  1 1  22  155.65   88.43   71.62  155.66   88.83   71.62  156.75   88.32   67.24  156.72   88.72   67.28    198.    516.
  1 1  23  155.66   88.83   71.62  155.68   89.23   71.61  156.72   88.72   67.28  156.68   89.12   67.32    201.    534.
  1 1  24  155.68   89.23   71.61  155.70   89.63   71.60  156.68   89.12   67.32  156.65   89.52   67.37    208.    561.
  1 1  25  155.70   89.63   71.60  155.71   90.03   71.60  156.65   89.52   67.37  156.61   89.92   67.41    218.    586.
  1 1  26  155.71   90.03   71.60  155.73   90.43   71.59  156.61   89.92   67.41  156.58   90.32   67.46    228.    604.
  1 1  27  155.73   90.43   71.59  155.74   90.83   71.59  156.58   90.32   67.46  156.55   90.72   67.50    236.    605.
  1 1  28  155.74   90.83   71.59  155.75   91.23   71.58  156.55   90.72   67.50  156.53   91.12   67.55    240.    602.
  1 1  29  155.75   91.23   71.58  155.76   91.63   71.58  156.53   91.12   67.55  156.50   91.53   67.59    242.    603.
  1 1  30  155.76   91.63   71.58  155.78   92.03   71.57  156.50   91.53   67.59  156.48   91.93   67.63    246.    610.
  1 1  31  155.78   92.03   71.57  155.79   92.43   71.57  156.48   91.93   67.63  156.45   92.33   67.68    254.    619.
  1 1  32  155.79   92.43   71.57  155.80   92.83   71.56  156.45   92.33   67.68  156.43   92.73   67.72    259.    616.
  1 1  33  155.80   92.83   71.56  155.81   93.23   71.56  156.43   92.73   67.72  156.41   93.13   67.77    261.    605.
  1 1  34  155.81   93.23   71.56  155.82   93.63   71.55  156.41   93.13   67.77  156.39   93.53   67.81    257.    571.
  1 1  35  155.82   93.63   71.55  155.82   94.03   71.55  156.39   93.53   67.81  156.37   93.93   67.85    258.    548.
  1 1  36  155.82   94.03   71.55  155.83   94.43   71.54  156.37   93.93   67.85  156.36   94.33   67.90    263.    529.
  1 1  37  155.83   94.43   71.54  155.84   94.82   71.53  156.36   94.33   67.90  156.34   94.73   67.94    265.    502.
  1 1  38  155.84   94.82   71.53  155.85   95.22   71.53  156.34   94.73   67.94  156.32   95.13   67.99    264.    468.
  1 1  39  155.85   95.22   71.53  155.85   95.62   71.52  156.32   95.13   67.99  156.31   95.53   68.03    260.    425.
  1 1  40  155.85   95.62   71.52  155.86   96.02   71.52  156.31   95.53   68.03  156.29   95.93   68.07    260.    393.
  1 1  41  155.86   96.02   71.52  155.87   96.42   71.51  156.29   95.93   68.07  156.28   96.33   68.12    263.    365.
  1 1  42  155.87   96.42   71.51  155.87   96.82   71.51  156.28   96.33   68.12  156.27   96.73   68.16    265.    330.
  1 1  43  155.87   96.82   71.51  155.88   97.22   71.50  156.27   96.73   68.16  156.26   97.14   68.20    263.    290.
  1 1  44  155.88   97.22   71.50  155.89   97.62   71.50  156.26   97.14   68.20  156.24   97.54   68.25    259.    251.
  1 1  45  155.89   97.62   71.50  155.89   98.02   71.49  156.24   97.54   68.25  156.23   97.94   68.29    259.    221.
  1 1  46  155.89   98.02   71.49  155.90   98.42   71.49  156.23   97.94   68.29  156.22   98.34   68.34    263.    194.
  1 1  47  155.90   98.42   71.49  155.90   98.82   71.48  156.22   98.34   68.34  156.21   98.74   68.38    264.    159.
  1 1  48  155.90   98.82   71.48  155.91   99.22   71.48  156.21   98.74   68.38  156.20   99.14   68.42    262.    117.
  1 1  49  155.91   99.22   71.48  155.91   99.62   71.47  156.20   99.14   68.42  156.19   99.54   68.47    256.     61.
  1 1  50  155.91   99.62   71.47  155.91  100.02   71.47  156.19   99.54   68.47  156.18   99.94   68.51    254.     16.
  1 1  51  155.91  100.02   71.47  155.92  100.42   71.46  156.18   99.94   68.51  156.17  100.34   68.55    255.    -24.
  1 1  52  155.92  100.42   71.46  155.92  100.82   71.46  156.17  100.34   68.55  156.17  100.74   68.60    255.    -63.
  1 1  53  155.92  100.82   71.46  155.93  101.22   71.45  156.17  100.74   68.60  156.16  101.14   68.64    252.   -106.
  1 1  54  155.93  101.22   71.45  155.93  101.62   71.45  156.16  101.14   68.64  156.15  101.54   68.68    248.   -146.
  1 1  55  155.93  101.62   71.45  155.93  102.02   71.44  156.15  101.54   68.68  156.14  101.94   68.73    247.   -179.
  1 1  56  155.93  102.02   71.44  155.94  102.41   71.44  156.14  101.94   68.73  156.14  102.35   68.77    248.   -209.
  1 1  57  155.94  102.41   71.44  155.94  102.81   71.43  156.14  102.35   68.77  156.13  102.75   68.81    249.   -238.
  1 1  58  155.94  102.81   71.43  155.94  103.21   71.43  156.13  102.75   68.81  156.12  103.15   68.86    247.   -268.
  1 1  59  155.94  103.21   71.43  155.95  103.61   71.42  156.12  103.15   68.86  156.12  103.55   68.90    243.   -299.
  1 1  60  155.95  103.61   71.42  155.95  104.01   71.42  156.12  103.55   68.90  156.11  103.95   68.94    242.   -326.
  1 1  61  155.95  104.01   71.42  155.95  104.41   71.41  156.11  103.95   68.94  156.10  104.35   68.99    243.   -352.
  1 1  62  155.95  104.41   71.41  155.95  104.81   71.41  156.10  104.35   68.99  156.10  104.75   69.03    243.   -377.
  1 1  63  155.95  104.81   71.41  155.96  105.21   71.40  156.10  104.75   69.03  156.09  105.15   69.07    241.   -400.
  1 1  64  155.96  105.21   71.40  155.96  105.61   71.40  156.09  105.15   69.07  156.09  105.55   69.12    238.   -421.
  1 1  65  155.96  105.61   71.40  155.96  106.01   71.39  156.09  105.55   69.12  156.08  105.95   69.16    237.   -441.
  1 1  66  155.96  106.01   71.39  155.96  106.41   71.39  156.08  105.95   69.16  156.08  106.35   69.20    238.   -461.
  1 1  67  155.96  106.41   71.39  155.97  106.81   71.38  156.08  106.35   69.20  156.07  106.75   69.24    239.   -479.
  1 1  68  155.97  106.81   71.38  155.97  107.21   71.38  156.07  106.75   69.24  156.07  107.15   69.28    237.   -494.
  1 1  69  155.97  107.21   71.38  155.97  107.61   71.37  156.07  107.15   69.28  156.06  107.55   69.33    235.   -508.
  1 1  70  155.97  107.61   71.37  155.97  108.01   71.37  156.06  107.55   69.33  156.06  107.96   69.37    234.   -521.
  1 1  71  155.97  108.01   71.37  155.97  108.41   71.36  156.06  107.96   69.37  156.06  108.36   69.41    236.   -535.
  1 1  72  155.97  108.41   71.36  155.98  108.81   71.36  156.06  108.36   69.41  156.05  108.76   69.45    236.   -548.
  1 1  73  155.98  108.81   71.36  155.98  109.21   71.36  156.05  108.76   69.45  156.05  109.16   69.49    235.   -558.
  1 1  74  155.98  109.21   71.36  155.98  109.61   71.35  156.05  109.16   69.49  156.04  109.56   69.54    232.   -566.
  1 1  75  155.98  109.61   71.35  155.98  110.00   71.35  156.04  109.56   69.54  156.04  109.96   69.58    232.   -575.
  1 1  76  155.98  110.00   71.35  155.98  110.40   71.34  156.04  109.96   69.58  156.04  110.36   69.62    232.   -586.
  1 1  77  155.98  110.40   71.34  155.98  110.80   71.34  156.04  110.36   69.62  156.03  110.76   69.66    233.   -594.
  1 1  78  155.98  110.80   71.34  155.99  111.20   71.33  156.03  110.76   69.66  156.03  111.16   69.70    231.   -599.
  1 1  79  155.99  111.20   71.33  155.99  111.60   71.33  156.03  111.16   69.70  156.03  111.56   69.74    229.   -600.
  1 1  80  155.99  111.60   71.33  155.99  112.00   71.33  156.03  111.56   69.74  156.03  111.96   69.78    229.   -603.
  1 1  81  155.99  112.00   71.33  155.99  112.40   71.32  156.03  111.96   69.78  156.02  112.36   69.82    230.   -607.
  1 1  82  155.99  112.40   71.32  155.99  112.80   71.32  156.02  112.36   69.82  156.02  112.76   69.87    231.   -609.
  1 1  83  155.99  112.80   71.32  155.99  113.20   71.31  156.02  112.76   69.87  156.02  113.16   69.91    230.   -607.
  1 1  84  155.99  113.20   71.31  155.99  113.60   71.31  156.02  113.16   69.91  156.02  113.56   69.95    229.   -604.
  1 1  85  155.99  113.60   71.31  155.99  114.00   71.30  156.02  113.56   69.95  156.01  113.97   69.99    228.   -601.
  1 1  86  155.99  114.00   71.30  155.99  114.40   71.30  156.01  113.97   69.99  156.01  114.37   70.03    229.   -600.
  1 1  87  155.99  114.40   71.30  155.99  114.80   71.30  156.01  114.37   70.03  156.01  114.77   70.08    230.   -595.
  1 1  88  155.99  114.80   71.30  156.00  115.20   71.29  156.01  114.77   70.08  156.01  115.17   70.12    230.   -588.
  1 1  89  156.00  115.20   71.29  156.00  115.60   71.29  156.01  115.17   70.12  156.01  115.57   70.16    228.   -577.
  1 1  90  156.00  115.60   71.29  156.00  116.00   71.28  156.01  115.57   70.16  156.01  115.97   70.20    228.   -566.
  1 1  91  156.00  116.00   71.28  156.00  116.40   71.28  156.01  115.97   70.20  156.01  116.37   70.25    229.   -555.
  1 1  92  156.00  116.40   71.28  156.00  116.80   71.27  156.01  116.37   70.25  156.00  116.77   70.29    229.   -541.
  1 1  93  156.00  116.80   71.27  156.00  117.20   71.26  156.00  116.77   70.29  156.00  117.17   70.34    229.   -525.
  1 1  94  156.00  117.20   71.26  156.00  117.59   71.26  156.00  117.17   70.34  156.00  117.57   70.38    229.   -507.
  1 1  95  156.00  117.59   71.26  156.00  117.99   71.25  156.00  117.57   70.38  156.00  117.97   70.43    230.   -489.
  1 1  96  156.00  117.99   71.25  156.00  118.39   71.24  156.00  117.97   70.43  156.00  118.37   70.48    232.   -470.
  1 1  97  156.00  118.39   71.24  156.00  118.79   71.24  156.00  118.37   70.48  156.00  118.77   70.53    233.   -448.
  1 1  98  156.00  118.79   71.24  156.00  119.19   71.23  156.00  118.77   70.53  156.00  119.18   70.58    234.   -423.
  1 1  99  156.00  119.19   71.23  156.00  119.59   71.22  156.00  119.18   70.58  156.00  119.58   70.63    238.   -399.
  1 1 100  156.00  119.59   71.22  156.00  119.99   71.21  156.00  119.58   70.63  156.00  119.98   70.68    243.   -372.
  1 2   1  155.67   80.68   69.58  155.67   80.47   69.93  156.33   79.33   70.41  156.33   79.12   70.75     82.      0.
  1 2   2  155.67   80.47   69.93  155.67   80.25   70.27  156.33   79.12   70.75  156.33   78.92   71.09     79.     -1.
  1 2   3  155.67   80.25   70.27  155.68   80.01   70.63  156.33   78.92   71.09  156.31   78.74   71.41     76.     -2.
  1 2   4  155.68   80.01   70.63  155.70   79.77   70.99  156.31   78.74   71.41  156.30   78.56   71.73     73.     -3.
  1 2   5  155.70   79.77   70.99  155.71   79.53   71.35  156.30   78.56   71.73  156.28   78.38   72.06     70.     -4.
  1 2   6  155.71   79.53   71.35  155.72   79.32   71.69  156.28   78.38   72.06  156.28   78.18   72.39     70.     -4.
  1 2   7  155.72   79.32   71.69  155.69   79.12   72.03  156.28   78.18   72.39  156.31   77.96   72.74     70.     -4.
  1 2   8  155.69   79.12   72.03  155.70   78.95   72.35  156.31   77.96   72.74  156.32   77.68   73.13     71.     -6.
  1 2   9  155.70   78.95   72.35  155.68   78.78   72.66  156.32   77.68   73.13  156.35   77.38   73.52     82.      1.
  1 2  10  155.68   78.78   72.66  155.67   78.61   72.98  156.35   77.38   73.52  156.39   77.06   73.93     91.     10.
  1 2  11  155.67   78.61   72.98  155.67   78.45   73.29  156.39   77.06   73.93  156.44   76.72   74.35     97.     21.
  1 2  12  155.67   78.45   73.29  155.66   78.29   73.61  156.44   76.72   74.35  156.48   76.37   74.78    100.     32.
  1 2  13  155.66   78.29   73.61  155.65   78.13   73.91  156.48   76.37   74.78  156.53   76.00   75.22     99.     42.
  1 2  14  155.65   78.13   73.91  155.64   77.98   74.22  156.53   76.00   75.22  156.58   75.61   75.68     94.     51.
  1 2  15  155.64   77.98   74.22  155.63   77.84   74.52  156.58   75.61   75.68  156.63   75.20   76.14     87.     59.
  1 2  16  155.63   77.84   74.52  155.63   77.69   74.82  156.63   75.20   76.14  156.68   74.78   76.61     93.     85.
  1 2  17  155.63   77.69   74.82  155.62   77.54   75.13  156.68   74.78   76.61  156.73   74.36   77.08    101.    122.
  1 2  18  155.62   77.54   75.13  155.62   77.39   75.44  156.73   74.36   77.08  156.76   73.95   77.54    120.    177.
  1 2  19  155.62   77.39   75.44  155.62   77.22   75.75  156.76   73.95   77.54  156.79   73.57   77.99    140.    235.
  1 2  20  155.62   77.22   75.75  155.63   77.03   76.08  156.79   73.57   77.99  156.79   73.25   78.40    155.    282.
  1 2  21  155.63   77.03   76.08  155.65   76.81   76.43  156.79   73.25   78.40  156.75   73.07   78.72    155.    276.
  1 2  22  155.65   76.81   76.43  155.66   76.59   76.78  156.75   73.07   78.72  156.72   72.89   79.05    143.    228.
  1 2  23  155.66   76.59   76.78  155.68   76.36   77.13  156.72   72.89   79.05  156.68   72.71   79.37    124.    171.
  1 2  24  155.68   76.36   77.13  155.70   76.14   77.48  156.68   72.71   79.37  156.65   72.53   79.69    102.    117.
  1 2  25  155.70   76.14   77.48  155.71   75.92   77.83  156.65   72.53   79.69  156.61   72.35   80.01     91.     89.
  1 2  26  155.71   75.92   77.83  155.73   75.70   78.18  156.61   72.35   80.01  156.58   72.17   80.34     92.     86.
  1 2  27  155.73   75.70   78.18  155.74   75.47   78.53  156.58   72.17   80.34  156.55   71.99   80.66     95.     90.
  1 2  28  155.74   75.47   78.53  155.75   75.25   78.88  156.55   71.99   80.66  156.53   71.81   80.98    101.    109.
  1 2  29  155.75   75.25   78.88  155.76   75.03   79.23  156.53   71.81   80.98  156.50   71.63   81.31    128.    161.
  1 2  30  155.76   75.03   79.23  155.78   74.81   79.57  156.50   71.63   81.31  156.48   71.45   81.63    149.    199.
  1 2  31  155.78   74.81   79.57  155.79   74.58   79.92  156.48   71.45   81.63  156.45   71.27   81.96    159.    199.
  1 2  32  155.79   74.58   79.92  155.80   74.36   80.27  156.45   71.27   81.96  156.43   71.09   82.28    159.    170.
  1 2  33  155.80   74.36   80.27  155.81   74.14   80.62  156.43   71.09   82.28  156.41   70.91   82.60    148.    119.
  1 2  34  155.81   74.14   80.62  155.82   73.92   80.97  156.41   70.91   82.60  156.39   70.73   82.93    130.     59.
  1 2  35  155.82   73.92   80.97  155.82   73.69   81.32  156.39   70.73   82.93  156.37   70.54   83.25    131.     34.
  1 2  36  155.82   73.69   81.32  155.83   73.47   81.67  156.37   70.54   83.25  156.36   70.36   83.57    132.     18.
  1 2  37  155.83   73.47   81.67  155.84   73.25   82.02  156.36   70.36   83.57  156.34   70.18   83.90    133.     13.
  1 2  38  155.84   73.25   82.02  155.85   73.03   82.37  156.34   70.18   83.90  156.32   70.00   84.22    134.     21.
  1 2  39  155.85   73.03   82.37  155.85   72.80   82.72  156.32   70.00   84.22  156.31   69.82   84.54    141.     45.
  1 2  40  155.85   72.80   82.72  155.86   72.58   83.07  156.31   69.82   84.54  156.29   69.64   84.87    160.     71.
  1 2  41  155.86   72.58   83.07  155.87   72.36   83.42  156.29   69.64   84.87  156.28   69.46   85.19    171.     74.
  1 2  42  155.87   72.36   83.42  155.87   72.14   83.77  156.28   69.46   85.19  156.27   69.28   85.52    173.     51.
  1 2  43  155.87   72.14   83.77  155.88   71.91   84.12  156.27   69.28   85.52  156.26   69.10   85.84    166.      7.
  1 2  44  155.88   71.91   84.12  155.89   71.69   84.46  156.26   69.10   85.84  156.24   68.92   86.16    161.    -45.
  1 2  45  155.89   71.69   84.46  155.89   71.47   84.81  156.24   68.92   86.16  156.23   68.74   86.49    165.    -84.
  1 2  46  155.89   71.47   84.81  155.90   71.25   85.16  156.23   68.74   86.49  156.22   68.56   86.81    168.   -106.
  1 2  47  155.90   71.25   85.16  155.90   71.03   85.51  156.22   68.56   86.81  156.21   68.38   87.13    168.   -118.
  1 2  48  155.90   71.03   85.51  155.91   70.80   85.86  156.21   68.38   87.13  156.20   68.20   87.46    166.   -119.
  1 2  49  155.91   70.80   85.86  155.91   70.58   86.21  156.20   68.20   87.46  156.19   68.02   87.78    162.   -108.
  1 2  50  155.91   70.58   86.21  155.91   70.36   86.56  156.19   68.02   87.78  156.18   67.84   88.11    155.    -90.
  1 2  51  155.91   70.36   86.56  155.92   70.14   86.91  156.18   67.84   88.11  156.17   67.66   88.43    167.    -80.
  1 2  52  155.92   70.14   86.91  155.92   69.91   87.26  156.17   67.66   88.43  156.17   67.48   88.75    172.    -88.
  1 2  53  155.92   69.91   87.26  155.93   69.69   87.61  156.17   67.48   88.75  156.16   67.29   89.08    171.   -116.
  1 2  54  155.93   69.69   87.61  155.93   69.47   87.96  156.16   67.29   89.08  156.15   67.11   89.40    183.   -165.
  1 2  55  155.93   69.47   87.96  155.93   69.25   88.31  156.15   67.11   89.40  156.14   66.93   89.72    194.   -207.
  1 2  56  155.93   69.25   88.31  155.94   69.02   88.66  156.14   66.93   89.72  156.14   66.75   90.05    203.   -241.
  1 2  57  155.94   69.02   88.66  155.94   68.80   89.00  156.14   66.75   90.05  156.13   66.57   90.37    207.   -261.
  1 2  58  155.94   68.80   89.00  155.94   68.58   89.35  156.13   66.57   90.37  156.12   66.39   90.70    205.   -270.
  1 2  59  155.94   68.58   89.35  155.95   68.36   89.70  156.12   66.39   90.70  156.12   66.21   91.02    197.   -270.
  1 2  60  155.95   68.36   89.70  155.95   68.14   90.05  156.12   66.21   91.02  156.11   66.03   91.34    181.   -258.
  1 2  61  155.95   68.14   90.05  155.95   67.91   90.40  156.11   66.03   91.34  156.10   65.85   91.67    159.   -233.
  1 2  62  155.95   67.91   90.40  155.95   67.69   90.75  156.10   65.85   91.67  156.10   65.67   91.99    154.   -225.
  1 2  63  155.95   67.69   90.75  155.96   67.47   91.10  156.10   65.67   91.99  156.09   65.48   92.32    162.   -245.
  1 2  64  155.96   67.47   91.10  155.96   67.25   91.45  156.09   65.48   92.32  156.09   65.30   92.64    186.   -293.
  1 2  65  155.96   67.25   91.45  155.96   67.03   91.80  156.09   65.30   92.64  156.08   65.12   92.96    207.   -336.
  1 2  66  155.96   67.03   91.80  155.96   66.80   92.15  156.08   65.12   92.96  156.08   64.94   93.29    222.   -373.
  1 2  67  155.96   66.80   92.15  155.97   66.58   92.50  156.08   64.94   93.29  156.07   64.76   93.61    231.   -400.
  1 2  68  155.97   66.58   92.50  155.97   66.36   92.84  156.07   64.76   93.61  156.07   64.58   93.94    234.   -418.
  1 2  69  155.97   66.36   92.84  155.97   66.14   93.19  156.07   64.58   93.94  156.06   64.39   94.26    227.   -423.
  1 2  70  155.97   66.14   93.19  155.97   65.92   93.54  156.06   64.39   94.26  156.06   64.21   94.59    211.   -412.
  1 2  71  155.97   65.92   93.54  155.97   65.70   93.89  156.06   64.21   94.59  156.06   64.03   94.91    186.   -386.
  1 2  72  155.97   65.70   93.89  155.98   65.47   94.24  156.06   64.03   94.91  156.05   63.85   95.24    154.   -344.
  1 2  73  155.98   65.47   94.24  155.98   65.25   94.59  156.05   63.85   95.24  156.05   63.67   95.56    145.   -334.
  1 2  74  155.98   65.25   94.59  155.98   65.03   94.94  156.05   63.67   95.56  156.04   63.48   95.89    179.   -387.
  1 2  75  155.98   65.03   94.94  155.98   64.81   95.29  156.04   63.48   95.89  156.04   63.30   96.21    209.   -433.
  1 2  76  155.98   64.81   95.29  155.98   64.59   95.63  156.04   63.30   96.21  156.04   63.12   96.54    234.   -473.
  1 2  77  155.98   64.59   95.63  155.98   64.37   95.98  156.04   63.12   96.54  156.03   62.94   96.86    252.   -506.
  1 2  78  155.98   64.37   95.98  155.99   64.15   96.33  156.03   62.94   96.86  156.03   62.75   97.19    264.   -530.
  1 2  79  155.99   64.15   96.33  155.99   63.92   96.68  156.03   62.75   97.19  156.03   62.57   97.51    266.   -544.
  1 2  80  155.99   63.92   96.68  155.99   63.70   97.03  156.03   62.57   97.51  156.03   62.39   97.84    258.   -545.
  1 2  81  155.99   63.70   97.03  155.99   63.48   97.38  156.03   62.39   97.84  156.02   62.20   98.16    240.   -531.
  1 2  82  155.99   63.48   97.38  155.99   63.26   97.73  156.02   62.20   98.16  156.02   62.02   98.49    217.   -505.
  1 2  83  155.99   63.26   97.73  155.99   63.04   98.08  156.02   62.02   98.49  156.02   61.84   98.81    210.   -504.
  1 2  84  155.99   63.04   98.08  155.99   62.82   98.42  156.02   61.84   98.81  156.02   61.66   99.13    208.   -500.
  1 2  85  155.99   62.82   98.42  155.99   62.60   98.77  156.02   61.66   99.13  156.01   61.48   99.46    212.   -498.
  1 2  86  155.99   62.60   98.77  155.99   62.37   99.12  156.01   61.48   99.46  156.01   61.29   99.78    239.   -527.
  1 2  87  155.99   62.37   99.12  155.99   62.15   99.47  156.01   61.29   99.78  156.01   61.11  100.11    263.   -548.
  1 2  88  155.99   62.15   99.47  156.00   61.93   99.82  156.01   61.11  100.11  156.01   60.93  100.43    282.   -561.
  1 2  89  156.00   61.93   99.82  156.00   61.71  100.17  156.01   60.93  100.43  156.01   60.75  100.76    295.   -567.
  1 2  90  156.00   61.71  100.17  156.00   61.49  100.52  156.01   60.75  100.76  156.01   60.57  101.08    302.   -567.
  1 2  91  156.00   61.49  100.52  156.00   61.26  100.87  156.01   60.57  101.08  156.01   60.39  101.40    302.   -559.
  1 2  92  156.00   61.26  100.87  156.00   61.04  101.22  156.01   60.39  101.40  156.00   60.21  101.73    298.   -557.
  1 2  93  156.00   61.04  101.22  156.00   60.82  101.57  156.00   60.21  101.73  156.00   60.03  102.05    296.   -556.
  1 2  94  156.00   60.82  101.57  156.00   60.59  101.92  156.00   60.03  102.05  156.00   59.85  102.37    296.   -547.
  1 2  95  156.00   60.59  101.92  156.00   60.37  102.27  156.00   59.85  102.37  156.00   59.67  102.70    296.   -533.
  1 2  96  156.00   60.37  102.27  156.00   60.15  102.62  156.00   59.67  102.70  156.00   59.49  103.02    299.   -514.
  1 2  97  156.00   60.15  102.62  156.00   59.92  102.97  156.00   59.49  103.02  156.00   59.32  103.34    303.   -490.
  1 2  98  156.00   59.92  102.97  156.00   59.70  103.32  156.00   59.32  103.34  156.00   59.14  103.66    319.   -472.
  1 2  99  156.00   59.70  103.32  156.00   59.47  103.67  156.00   59.14  103.66  156.00   58.97  103.98    334.   -450.
  1 2 100  156.00   59.47  103.67  156.00   59.25  104.02  156.00   58.97  103.98  156.00   58.79  104.30    347.   -422.
  1 3   1  155.67   79.30   69.62  155.67   79.11   69.27  156.33   80.70   70.38  156.33   80.50   70.02     82.      0.
  1 3   2  155.67   79.11   69.27  155.67   78.93   68.92  156.33   80.50   70.02  156.33   80.30   69.67     80.     -1.
  1 3   3  155.67   78.93   68.92  155.68   78.77   68.59  156.33   80.30   69.67  156.31   80.08   69.30     78.     -1.
  1 3   4  155.68   78.77   68.59  155.70   78.61   68.26  156.31   80.08   69.30  156.30   79.86   68.93     77.     -2.
  1 3   5  155.70   78.61   68.26  155.71   78.45   67.92  156.30   79.86   68.93  156.28   79.64   68.57     71.     -2.
  1 3   6  155.71   78.45   67.92  155.72   78.26   67.57  156.28   79.64   68.57  156.28   79.44   68.21     66.     -1.
  1 3   7  155.72   78.26   67.57  155.69   78.07   67.22  156.28   79.44   68.21  156.31   79.25   67.86     64.     -2.
  1 3   8  155.69   78.07   67.22  155.70   77.83   66.84  156.31   79.25   67.86  156.32   79.14   67.55     62.     -2.
  1 3   9  155.70   77.83   66.84  155.68   77.60   66.46  156.32   79.14   67.55  156.35   79.04   67.25     69.      5.
  1 3  10  155.68   77.60   66.46  155.67   77.37   66.09  156.35   79.04   67.25  156.39   78.97   66.96     73.     12.
  1 3  11  155.67   77.37   66.09  155.67   77.13   65.71  156.39   78.97   66.96  156.44   78.91   66.68     76.     20.
  1 3  12  155.67   77.13   65.71  155.66   76.89   65.34  156.44   78.91   66.68  156.48   78.87   66.41     77.     30.
  1 3  13  155.66   76.89   65.34  155.65   76.64   64.95  156.48   78.87   66.41  156.53   78.84   66.15     75.     40.
  1 3  14  155.65   76.64   64.95  155.64   76.39   64.57  156.53   78.84   66.15  156.58   78.84   65.90     76.     52.
  1 3  15  155.64   76.39   64.57  155.63   76.14   64.18  156.58   78.84   65.90  156.63   78.85   65.66     86.     82.
  1 3  16  155.63   76.14   64.18  155.63   75.88   63.80  156.63   78.85   65.66  156.68   78.88   65.43     99.    124.
  1 3  17  155.63   75.88   63.80  155.62   75.63   63.41  156.68   78.88   65.43  156.73   78.91   65.19    117.    172.
  1 3  18  155.62   75.63   63.41  155.62   75.38   63.03  156.73   78.91   65.19  156.76   78.92   64.96    132.    218.
  1 3  19  155.62   75.38   63.03  155.62   75.15   62.66  156.76   78.92   64.96  156.79   78.91   64.70    142.    252.
  1 3  20  155.62   75.15   62.66  155.63   74.93   62.29  156.79   78.91   64.70  156.79   78.83   64.41    141.    254.
  1 3  21  155.63   74.93   62.29  155.65   74.76   61.95  156.79   78.83   64.41  156.75   78.61   64.04    128.    213.
  1 3  22  155.65   74.76   61.95  155.66   74.58   61.60  156.75   78.61   64.04  156.72   78.39   63.67    106.    149.
  1 3  23  155.66   74.58   61.60  155.68   74.40   61.26  156.72   78.39   63.67  156.68   78.17   63.31     82.     94.
  1 3  24  155.68   74.40   61.26  155.70   74.23   60.92  156.68   78.17   63.31  156.65   77.95   62.94     81.     85.
  1 3  25  155.70   74.23   60.92  155.71   74.05   60.57  156.65   77.95   62.94  156.61   77.73   62.57     83.     86.
  1 3  26  155.71   74.05   60.57  155.73   73.87   60.23  156.61   77.73   62.57  156.58   77.51   62.20     86.     95.
  1 3  27  155.73   73.87   60.23  155.74   73.70   59.89  156.58   77.51   62.20  156.55   77.29   61.84     96.    125.
  1 3  28  155.74   73.70   59.89  155.75   73.52   59.54  156.55   77.29   61.84  156.53   77.07   61.47    117.    168.
  1 3  29  155.75   73.52   59.54  155.76   73.34   59.20  156.53   77.07   61.47  156.50   76.85   61.10    128.    182.
  1 3  30  155.76   73.34   59.20  155.78   73.17   58.85  156.50   76.85   61.10  156.48   76.63   60.73    130.    169.
  1 3  31  155.78   73.17   58.85  155.79   72.99   58.51  156.48   76.63   60.73  156.45   76.41   60.37    122.    133.
  1 3  32  155.79   72.99   58.51  155.80   72.81   58.17  156.45   76.41   60.37  156.43   76.19   60.00    107.     82.
  1 3  33  155.80   72.81   58.17  155.81   72.64   57.82  156.43   76.19   60.00  156.41   75.97   59.63    100.     48.
  1 3  34  155.81   72.64   57.82  155.82   72.46   57.48  156.41   75.97   59.63  156.39   75.75   59.26     99.     28.
  1 3  35  155.82   72.46   57.48  155.82   72.28   57.13  156.39   75.75   59.26  156.37   75.53   58.90     97.     16.
  1 3  36  155.82   72.28   57.13  155.83   72.10   56.79  156.37   75.53   58.90  156.36   75.31   58.53     95.     12.
  1 3  37  155.83   72.10   56.79  155.84   71.93   56.45  156.36   75.31   58.53  156.34   75.08   58.16     94.     18.
  1 3  38  155.84   71.93   56.45  155.85   71.75   56.10  156.34   75.08   58.16  156.32   74.86   57.79    107.     35.
  1 3  39  155.85   71.75   56.10  155.85   71.57   55.76  156.32   74.86   57.79  156.31   74.64   57.43    116.     39.
  1 3  40  155.85   71.57   55.76  155.86   71.40   55.41  156.31   74.64   57.43  156.29   74.42   57.06    117.     24.
  1 3  41  155.86   71.40   55.41  155.87   71.22   55.07  156.29   74.42   57.06  156.28   74.20   56.69    112.     -7.
  1 3  42  155.87   71.22   55.07  155.87   71.04   54.73  156.28   74.20   56.69  156.27   73.98   56.32    110.    -42.
  1 3  43  155.87   71.04   54.73  155.88   70.86   54.38  156.27   73.98   56.32  156.26   73.76   55.96    112.    -69.
  1 3  44  155.88   70.86   54.38  155.89   70.69   54.04  156.26   73.76   55.96  156.24   73.54   55.59    112.    -87.
  1 3  45  155.89   70.69   54.04  155.89   70.51   53.69  156.24   73.54   55.59  156.23   73.32   55.22    109.    -97.
  1 3  46  155.89   70.51   53.69  155.90   70.33   53.35  156.23   73.32   55.22  156.22   73.10   54.85    104.   -100.
  1 3  47  155.90   70.33   53.35  155.90   70.16   53.01  156.22   73.10   54.85  156.21   72.88   54.49     95.    -97.
  1 3  48  155.90   70.16   53.01  155.91   69.98   52.66  156.21   72.88   54.49  156.20   72.66   54.12     91.    -90.
  1 3  49  155.91   69.98   52.66  155.91   69.80   52.32  156.20   72.66   54.12  156.19   72.44   53.75     95.    -94.
  1 3  50  155.91   69.80   52.32  155.91   69.62   51.97  156.19   72.44   53.75  156.18   72.22   53.39     96.   -107.
  1 3  51  155.91   69.62   51.97  155.92   69.45   51.63  156.18   72.22   53.39  156.17   72.00   53.02    105.   -136.
  1 3  52  155.92   69.45   51.63  155.92   69.27   51.29  156.17   72.00   53.02  156.17   71.78   52.65    114.   -164.
  1 3  53  155.92   69.27   51.29  155.93   69.09   50.94  156.17   71.78   52.65  156.16   71.56   52.28    118.   -185.
  1 3  54  155.93   69.09   50.94  155.93   68.92   50.60  156.16   71.56   52.28  156.15   71.34   51.92    117.   -198.
  1 3  55  155.93   68.92   50.60  155.93   68.74   50.25  156.15   71.34   51.92  156.14   71.12   51.55    111.   -201.
  1 3  56  155.93   68.74   50.25  155.94   68.56   49.91  156.14   71.12   51.55  156.14   70.90   51.18     99.   -194.
  1 3  57  155.94   68.56   49.91  155.94   68.38   49.57  156.14   70.90   51.18  156.13   70.68   50.81     82.   -174.
  1 3  58  155.94   68.38   49.57  155.94   68.21   49.22  156.13   70.68   50.81  156.12   70.46   50.45     61.   -144.
  1 3  59  155.94   68.21   49.22  155.95   68.03   48.88  156.12   70.46   50.45  156.12   70.24   50.08     63.   -149.
  1 3  60  155.95   68.03   48.88  155.95   67.85   48.53  156.12   70.24   50.08  156.11   70.02   49.71     83.   -191.
  1 3  61  155.95   67.85   48.53  155.95   67.67   48.19  156.11   70.02   49.71  156.10   69.80   49.35    100.   -228.
  1 3  62  155.95   67.67   48.19  155.95   67.50   47.84  156.10   69.80   49.35  156.10   69.58   48.98    113.   -256.
  1 3  63  155.95   67.50   47.84  155.96   67.32   47.50  156.10   69.58   48.98  156.09   69.37   48.61    119.   -275.
  1 3  64  155.96   67.32   47.50  155.96   67.14   47.16  156.09   69.37   48.61  156.09   69.15   48.24    119.   -282.
  1 3  65  155.96   67.14   47.16  155.96   66.96   46.81  156.09   69.15   48.24  156.08   68.93   47.88    110.   -274.
  1 3  66  155.96   66.96   46.81  155.96   66.79   46.47  156.08   68.93   47.88  156.08   68.71   47.51     95.   -249.
  1 3  67  155.96   66.79   46.47  155.97   66.61   46.12  156.08   68.71   47.51  156.07   68.49   47.14     73.   -207.
  1 3  68  155.97   66.61   46.12  155.97   66.43   45.78  156.07   68.49   47.14  156.07   68.27   46.78     64.   -186.
  1 3  69  155.97   66.43   45.78  155.97   66.25   45.43  156.07   68.27   46.78  156.06   68.05   46.41     73.   -212.
  1 3  70  155.97   66.25   45.43  155.97   66.07   45.09  156.06   68.05   46.41  156.06   67.83   46.04     93.   -260.
  1 3  71  155.97   66.07   45.09  155.97   65.90   44.75  156.06   67.83   46.04  156.06   67.61   45.68    109.   -297.
  1 3  72  155.97   65.90   44.75  155.98   65.72   44.40  156.06   67.61   45.68  156.05   67.40   45.31    120.   -322.
  1 3  73  155.98   65.72   44.40  155.98   65.54   44.06  156.05   67.40   45.31  156.05   67.18   44.95    124.   -333.
  1 3  74  155.98   65.54   44.06  155.98   65.36   43.71  156.05   67.18   44.95  156.04   66.96   44.58    120.   -330.
  1 3  75  155.98   65.36   43.71  155.98   65.19   43.37  156.04   66.96   44.58  156.04   66.74   44.21    109.   -310.
  1 3  76  155.98   65.19   43.37  155.98   65.01   43.02  156.04   66.74   44.21  156.04   66.52   43.85     95.   -281.
  1 3  77  155.98   65.01   43.02  155.98   64.83   42.68  156.04   66.52   43.85  156.03   66.31   43.48     91.   -275.
  1 3  78  155.98   64.83   42.68  155.99   64.65   42.33  156.03   66.31   43.48  156.03   66.09   43.11     90.   -272.
  1 3  79  155.99   64.65   42.33  155.99   64.47   41.99  156.03   66.09   43.11  156.03   65.87   42.75     92.   -275.
  1 3  80  155.99   64.47   41.99  155.99   64.29   41.64  156.03   65.87   42.75  156.03   65.65   42.38    107.   -312.
  1 3  81  155.99   64.29   41.64  155.99   64.12   41.30  156.03   65.65   42.38  156.02   65.43   42.01    119.   -339.
  1 3  82  155.99   64.12   41.30  155.99   63.94   40.96  156.02   65.43   42.01  156.02   65.21   41.65    126.   -353.
  1 3  83  155.99   63.94   40.96  155.99   63.76   40.61  156.02   65.21   41.65  156.02   65.00   41.28    127.   -356.
  1 3  84  155.99   63.76   40.61  155.99   63.58   40.27  156.02   65.00   41.28  156.02   64.78   40.92    124.   -347.
  1 3  85  155.99   63.58   40.27  155.99   63.40   39.92  156.02   64.78   40.92  156.01   64.56   40.55    120.   -341.
  1 3  86  155.99   63.40   39.92  155.99   63.23   39.58  156.01   64.56   40.55  156.01   64.34   40.18    117.   -332.
  1 3  87  155.99   63.23   39.58  155.99   63.05   39.23  156.01   64.34   40.18  156.01   64.12   39.82    115.   -323.
  1 3  88  155.99   63.05   39.23  156.00   62.87   38.89  156.01   64.12   39.82  156.01   63.90   39.45    113.   -314.
  1 3  89  156.00   62.87   38.89  156.00   62.69   38.55  156.01   63.90   39.45  156.01   63.68   39.08    112.   -305.
  1 3  90  156.00   62.69   38.55  156.00   62.52   38.20  156.01   63.68   39.08  156.01   63.46   38.71    115.   -303.
  1 3  91  156.00   62.52   38.20  156.00   62.34   37.86  156.01   63.46   38.71  156.01   63.24   38.35    120.   -308.
  1 3  92  156.00   62.34   37.86  156.00   62.16   37.51  156.01   63.24   38.35  156.00   63.02   37.98     89.   -223.
  1 3  93  156.00   62.16   37.51  156.00   61.99   37.17  156.00   63.02   37.98  156.00   62.80   37.61    126.   -304.
  1 3  94  156.00   61.99   37.17  156.00   61.81   36.83  156.00   62.80   37.61  156.00   62.58   37.24    128.   -300.
  1 3  95  156.00   61.81   36.83  156.00   61.64   36.48  156.00   62.58   37.24  156.00   62.36   36.87    130.   -292.
  1 3  96  156.00   61.64   36.48  156.00   61.46   36.14  156.00   62.36   36.87  156.00   62.13   36.51    131.   -280.
  1 3  97  156.00   61.46   36.14  156.00   61.28   35.80  156.00   62.13   36.51  156.00   61.91   36.14    131.   -265.
  1 3  98  156.00   61.28   35.80  156.00   61.11   35.45  156.00   61.91   36.14  156.00   61.68   35.77    130.   -246.
  1 3  99  156.00   61.11   35.45  156.00   60.94   35.11  156.00   61.68   35.77  156.00   61.46   35.39    127.   -223.
  1 3 100  156.00   60.94   35.11  156.00   60.76   34.77  156.00   61.46   35.39  156.00   61.23   35.02    104.   -163.
